  -7.1228157e-01
  -4.2123512e-01
  -2.7059239e+00
  -2.3771365e-01
  -5.3413880e+00
  -2.9327334e+00
  -1.9982469e+00
  -5.0689832e+00
  -2.5538239e+00
  -4.3592170e+00
   2.9095690e+00
  -3.7180917e+00
  -1.6536503e+00
  -5.0921792e+00
  -2.2632641e+00
  -2.5663398e+00
  -2.6141627e+00
   1.1626248e+00
  -2.0841132e+00
  -3.0678871e+00
  -2.3776686e+00
  -3.1237832e+00
  -1.4969509e+00
  -1.8096524e+00
  -1.2705160e+00
  -3.1891843e+00
   4.1271163e-01
  -2.3214672e+00
  -3.1705380e+00
  -2.4680951e+00
  -2.1872321e+00
  -4.1626854e+00
  -3.0497155e+00
  -4.1087543e+00
  -4.4160784e+00
  -3.2937244e+00
   5.2885066e-01
   9.2128849e-01
  -1.7902843e+00
   3.7701190e-01
  -3.3411626e+00
  -3.6722161e-01
  -9.4394042e-01
  -1.6592577e+00
   1.6052961e+00
  -1.2952881e+00
  -2.2923625e+00
   1.2927011e+00
  -1.5393890e+00
  -7.2280436e-01
  -3.0901418e-01
   1.2539869e+00
  -5.4231216e-01
  -1.1821792e+00
   1.0014244e+00
  -1.6521782e-01
  -3.8377985e-01
  -1.3846840e+00
  -3.4140624e+00
   1.7863588e-01
  -1.5540171e+00
  -6.9581457e-01
  -5.7172961e-01
  -5.9774365e-01
  -2.8758450e+00
  -4.5256381e+00
  -3.1173153e-01
  -4.9290540e-01
  -1.7156499e+00
  -2.4521120e+00
  -1.2750464e+00
  -1.0627911e+00
  -4.0629575e+00
   1.3561708e+00
   2.2161260e+00
  -8.7072554e-01
   2.5451096e+00
  -5.7871526e-01
  -1.7000413e+00
   4.3840402e-01
  -4.3546612e+00
  -1.8105378e+00
  -3.3838135e+00
   2.2109450e-01
  -2.4185857e+00
  -3.2360814e+00
  -3.0252442e+00
  -2.7899621e+00
  -3.3286921e+00
  -2.0807351e+00
   9.0835529e-01
  -1.6641376e+00
   1.5170028e+00
   1.6362542e+00
  -3.4079870e+00
  -5.0330421e-01
  -1.1205198e-01
   2.8619964e+00
  -1.4477776e+00
