   1

   4.2255e+07

   3.6991e+06

   1.9915e+08

   2.6497e+05

   1.6498e+06

   1.9188e+07

     2

   1.2653e+07

   1.8985e+07

   6.3246e+07

   3.6545e+06

   1.0940e+06

   3.9283e+07

     3

   8.2616e+06

   2.7073e+07

   4.7430e+07

   5.3975e+06

   4.8544e+06

   3.9675e+07

     4

   8.0919e+06

   2.9133e+07

   3.7406e+07

   6.8546e+06

   8.5361e+06

   2.9084e+07

     5

   8.1781e+06

   2.9265e+07

   2.4191e+07

   7.7773e+06

   9.0204e+06

   1.4765e+07

     6

   8.2781e+06

   2.8162e+07

   2.0060e+07

   8.2447e+06

   1.2609e+07

   1.5474e+07

     7

   8.2347e+06

   2.7440e+07

   1.9835e+07

   8.0681e+06

   1.3938e+07

   1.5692e+07

     8

   8.1681e+06

   2.7052e+07

   1.9895e+07

   7.8303e+06

   1.4342e+07

   1.5767e+07

     9

   8.1681e+06

   2.6570e+07

   2.0290e+07

   7.6617e+06

   1.4228e+07

   1.5815e+07

    10

   8.1242e+06

   2.6433e+07

   2.0224e+07

   7.5295e+06

   1.4354e+07

   1.5848e+07

        5134
       24677
       58215
           0
        5265
           0
       40763
       75958
